559.00
684.00
418.00
962.00
2215.00
1324.00
2959.00
207.00
545.00
3078.00
959.00
245.00
511.00
488.00
288.00
453.00
73.00
1125.00
1508.00
795.00
425.00
819.00
146.00
3567.00
677.00
987.00
3885.00
4319.00
3911.00
272.00
1030.00
868.00
183.00
329.00
153.00
4519.00
188.00
406.00
3687.00
1146.00
596.00
983.00
538.00
155.00
767.00
179.00
862.00
242.00
624.00
213.00
788.00
1075.00
3281.00
874.00
3136.00
1353.00
2021.00
1916.00
158.00
175.00
3080.00
330.00
458.00
3042.00
1606.00
906.00
140.00
3878.00
601.00
488.00
2348.00
3831.00
108.00
249.00
2302.00
1098.00
1601.00
2740.00
83.00
1234.00
231.00
3114.00
768.00
3329.00
3806.00
437.00
3170.00
593.00
3785.00
1310.00
334.00
194.00
4420.00
166.00
495.00
637.00
243.00
261.00
536.00
3356.00
