2 31 64 2
12 6 88 2
6 24 90 2
24 18 48 2
22 14 60 2
4 16 95 2
8 24 74 2
6 24 66 2
6 30 60 2
10 30 62 1
11 27 86 2
25 5 57 2
22 17 60 2
6 20 73 1
8 22 47 1
14 6 43 2
4 8 81 2
3 24 78 2
15 15 63 2
24 16 49 1
12 33 53 1
17 24 72 2
4 8 82 2
16 12 46 1
20 4 46 1
20 11 56 2
20 30 61 2
20 13 83 2
24 17 75 1
8 4 72 1
15 22 65 1
20 34 55 2
10 28 93 1
12 16 47 2
1 28 64 1
18 6 78 2
3 12 66 2
14 10 86 1
22 8 53 1
14 10 51 2
2 34 54 2
2 6 58 1
14 1 80 1
10 18 71 2
12 12 64 2
4 24 55 2
1 21 80 1
6 2 98 1
12 3 47 2
16 22 43 1
23 5 83 1
4 32 46 2
10 30 97 2
7 1 70 1
14 24 90 2
7 10 68 2
16 33 73 2
8 16 78 1
6 30 95 2
4 24 70 1
6 30 94 1
4 8 88 2
24 28 45 2
10 28 61 2
8 2 45 2
18 30 99 1
4 32 58 1
14 32 72 1
1 32 90 2
17 28 98 1
10 30 81 1
16 2 44 2
2 2 64 2
5 23 43 2
6 24 91 2
4 22 84 2
16 4 68 1
4 26 80 2
1 5 75 1
6 24 57 2
24 4 84 1
8 26 44 1
16 34 79 2
14 14 98 1
14 8 64 2
3 21 44 1
5 25 84 1
2 33 87 2
8 32 74 1
25 32 66 2
6 24 66 1
2 34 70 1
14 28 87 2
4 12 52 2
5 35 100 2
10 6 95 1
12 2 44 2
20 24 87 2
3 31 82 2
8 24 79 2
