0.17
0.06
0.18
0.05
0.01
0.07
0.04
0.12
0.02
0.06
0.12
0.19
0.05
0.15
0.16
0.15
0.17
0.08
0.11
0.07
0.07
0.03
0.13
0.11
0.10
0.01
0.04
0.19
0.12
0.08
0.04
0.09
0.18
0.03
0.02
0.19
0.05
0.12
0.20
0.16
0.15
0.10
0.13
0.04
0.14
0.19
0.17
0.17
0.16
0.05
0.08
0.11
0.10
0.09
0.10
0.17
0.08
0.12
0.13
0.13
0.19
0.12
0.02
0.04
0.16
0.15
0.16
0.14
0.15
0.20
0.19
0.13
0.09
0.17
0.03
0.13
0.05
0.10
0.11
0.19
0.11
0.15
0.19
0.17
0.17
0.13
0.04
0.01
0.06
0.04
0.14
0.16
0.18
0.15
0.01
0.08
0.14
0.01
0.17
0.03
