1
920 1600 10240
130
14 1 80
16 2 44
16 2 100
14 2 87
7 1 70
24 4 84
12 2 44
25 5 57
20 4 46
23 5 83
16 4 77
16 4 68
12 3 47
8 2 45
19 5 81
18 6 78
6 2 98
12 4 72
22 8 53
14 6 43
12 6 88
8 4 72
20 11 56
14 8 64
14 8 98
10 6 95
22 14 60
20 13 58
20 13 83
24 16 49
24 17 75
14 10 51
14 10 86
24 18 48
16 12 46
22 17 60
6 6 99
14 14 98
2 2 64
12 12 64
2 2 64
15 15 63
15 17 74
24 28 45
20 24 87
23 28 40
25 32 66
12 16 47
16 22 43
17 24 72
7 10 68
15 22 65
20 30 61
13 21 55
17 28 98
18 30 99
20 34 55
14 24 90
10 18 71
12 22 46
4 8 88
4 8 81
4 8 82
8 16 78
10 20 69
14 28 87
5 10 81
5 10 90
16 33 73
16 34 79
14 32 72
11 27 86
12 33 53
8 22 47
10 28 93
10 28 61
8 24 63
8 24 74
10 30 62
8 24 79
10 30 81
2 6 91
4 12 52
1 3 76
3 9 46
2 6 58
10 30 97
10 30 59
8 26 44
3 10 64
6 20 73
8 30 78
4 16 61
6 24 66
6 24 57
2 8 57
6 24 90
6 24 91
8 32 74
4 16 95
6 24 66
3 12 66
6 26 88
5 23 43
6 30 95
6 30 49
5 25 84
6 30 60
1 5 75
6 30 94
4 22 84
4 24 55
2 12 69
4 24 70
4 26 80
2 13 59
3 21 44
5 35 100
2 14 83
3 24 78
4 32 58
4 32 46
3 31 82
2 31 64
2 33 87
2 34 54
2 34 70
1 21 80
1 28 64
1 32 90
